Gene Symbol	WT_1	WT_2	WT_3	mct1_1	mct1_2	mct1_3	mpc1_1	mpc1_2	mpc1_3	WT_starv_1	WT_starv_2
											
COX1	10.944	10.6895	11.3294	0.992332	1.45093	0.727111	11.2216	10.3164	9.5586	16.0301	16.7401
											
AI1	11.9375	11.5059	11.949	2.49562	3.32846	2.36718	10.0534	10.0399	10.8373	12.6398	12.8459
											
AI2	8.20084	10.8566	8.05445	3.95185	4.02127	4.15627	10.6697	10.9178	10.7106	14.6791	13.7817
											
AI3	7.9857	7.28361	7.54829	1.38567	2.03661	1.58752	7.61913	7.12703	8.37214	24.4385	24.6158
											
AI4	12.2263	11.7476	13.7598	2.06197	3.29747	1.95963	10.3437	11.2132	10.3136	11.6354	11.4414
											
ATP6	11.5022	11.0663	9.52785	1.23931	1.5752	1.13105	10.8665	9.54513	9.19609	16.3807	17.9696
											
BI2	12.9142	12.1557	12.8188	1.13915	1.42331	1.00256	11.9308	10.5315	10.577	12.8431	12.664
											
BI4	13.0592	13.4632	11.9495	2.00282	2.95548	2.02515	10.6012	9.81262	9.71552	13.7545	10.6609
											
VAR1	13.5432	10.7585	11.7597	1.99065	2.36646	1.7467	11.9198	10.7085	11.5997	11.7064	11.9004
											
COX2	9.74852	11.2946	12.1712	0.802129	1.16994	0.550973	11.0006	11.2288	10.2574	15.2909	16.4851
											
COX3	11.3197	9.75949	11.2488	0.933093	1.572	1.20236	10.5497	10.8753	9.92866	16.635	15.9759
											
REP1	8.43844	7.88756	8.07375	11.452	8.82607	10.4899	7.97329	11.8403	8.5153	7.84711	8.65618
											
RAF1	8.24438	8.38111	7.88886	12.2818	10.3658	11.2836	9.47902	10.7132	8.74561	5.75218	6.86446
											
REP2	9.11621	8.37606	7.81272	10.0934	7.13172	10.4831	7.77518	13.5298	9.43962	7.58077	8.66136
											
TFC3	8.58849	7.70876	8.23549	8.90232	9.86567	9.94517	9.82562	9.12679	9.47799	9.23984	9.08387
											
VPS8	7.76442	8.86741	9.96649	12.1412	9.37933	10.6465	8.29186	8.73856	8.15405	8.00797	8.04221
											
EFB1	8.93926	12.1922	8.8311	9.9723	8.53646	9.05701	8.11497	8.67761	8.10549	8.95103	8.62257
											
SSA1	7.64925	14.5253	7.77959	10.54	9.15523	9.36282	7.81574	7.93926	8.0814	8.92951	8.22197
											
ERP2	8.92121	9.1147	10.1495	10.1227	9.56177	10.2252	8.58842	9.55988	8.91751	7.36746	7.47164
											
FUN14	8.17482	6.98783	8.81827	10.194	12.3878	11.1191	7.77863	7.46206	8.48515	9.08982	9.50259
											
SPO7	8.76868	8.23954	8.57751	10.1891	11.7614	11.3054	8.85924	8.93404	8.82012	7.53492	7.01011
											
MDM10	7.81953	6.7828	7.48496	7.95695	9.83242	8.76142	9.8124	9.83387	9.64575	11.3637	10.7062
											
SWC3	9.04851	8.34015	7.66936	9.11406	8.58093	11.4915	8.97723	10.3865	9.02224	9.61909	7.75043
											
CYS3	9.27892	10.5574	8.78266	8.87494	9.71232	8.69456	9.04217	8.66669	8.80239	8.77044	8.81748
											
DEP1	8.64685	9.09103	8.32989	9.18101	10.0892	9.89568	9.05102	9.38189	8.7803	8.84165	8.71148
											
SYN8	7.26171	10.2367	11.5356	12.9554	4.97395	11.0871	8.1918	10.6608	8.35341	6.80195	7.94157
											
NTG1	10.2542	9.10277	9.77388	8.45975	8.99252	8.85966	9.9904	10.0992	10.0074	7.37231	7.088
											
TPD3	7.98456	7.86469	9.23837	8.95431	8.62175	8.587	9.55372	9.1589	9.49216	9.71382	10.8307
											
PSK1	9.5041	9.00024	10.0206	9.22971	9.84113	9.39297	9.7718	10.0802	9.72115	6.99192	6.44614
											
FUN30	10.1828	9.17231	10.0741	9.29336	10.4398	9.26612	9.07668	9.3745	9.38912	7.02154	6.7097
											
ATS1	8.65125	8.55717	8.9203	10.3673	9.40563	9.61702	8.33792	8.692	8.78176	8.7607	9.9089
											
CCR4	8.96672	7.56403	8.30434	8.5044	9.13869	9.36958	9.90044	9.23253	10.0963	9.25019	9.67273
											
FUN26	10.9438	9.03992	10.698	9.21491	9.93144	9.08863	8.73779	8.39853	10.3483	7.01925	6.57949
											
PMT2	9.45784	8.43018	10.5285	10.0309	8.94416	9.81265	8.8139	9.33792	9.43021	7.51215	7.70162
											
LTE1	9.29913	8.75373	9.0914	8.91146	11.0806	9.03588	9.39981	9.2307	9.30051	7.88649	8.0103
											
MAK16	10.7132	8.73435	9.35714	9.46126	9.1196	9.75754	10.6085	9.45592	9.59925	6.76451	6.42881
											
DRS2	8.89199	8.16658	8.73382	9.87337	9.86967	10.0926	9.03075	9.1169	8.79483	8.71598	8.71348
											
SAW1	7.61304	9.07275	8.67232	9.97904	6.43278	10.2218	8.8259	10.0394	9.68482	10.3195	9.13876
											
FRT2	5.01806	5.98836	7.29037	9.83413	13.1193	10.6725	5.58936	6.93845	7.18715	13.5336	14.8287
											
MYO4	9.19584	8.60275	9.50141	9.41165	8.71104	8.89212	9.49909	9.01416	9.34246	8.64446	9.18502
											
SNC1	11.2947	7.54	11.2522	7.62943	13.1784	7.80997	8.44001	6.41399	9.73456	6.75167	9.95504
											
GIP4	9.49639	8.10151	8.75468	8.17679	10.0835	8.84811	9.08276	9.06729	9.23212	9.59443	9.56239
											
PRP45	8.76651	8.19139	8.33912	9.55606	10.9668	9.72371	8.63933	8.97751	8.95914	9.02118	8.85926
											
POP5	8.97853	9.33624	9.25271	9.20576	9.4675	10.4782	9.31348	9.14583	8.71391	8.3628	7.74499
											
FUN19	3.34182	4.44715	4.68915	2.03932	2.01027	2.04784	2.49418	4.32857	4.06072	35.7771	34.7639
											
MTW1	9.07248	9.40003	9.64736	10.0342	13.4618	9.51779	9.19435	9.48682	8.64647	5.67799	5.86073
											
FUN12	9.0646	8.8197	8.73512	8.44637	8.62782	8.98	9.19814	9.14589	9.51099	9.95376	9.51761
											
RBG1	10.1925	9.19771	9.90715	9.05381	9.01275	9.26324	9.42432	9.01115	9.51894	7.66636	7.75205
											
CDC19	7.0454	12.2307	7.54906	12.2417	9.6146	10.4826	7.67551	8.02285	8.05883	8.81024	8.26854
											
CYC3	9.73781	7.80317	9.03824	11.5149	13.2904	11.4768	9.70629	7.82692	8.34864	5.89988	5.35699
											
CDC24	8.15442	8.9497	8.74774	9.74794	8.73915	9.70685	8.74834	9.34411	8.91819	9.52255	9.42099
											
ERV46	9.01072	8.45963	9.52201	10.3015	10.7148	10.426	8.42247	9.29817	8.02511	7.62406	8.19549
											
PTA1	8.49178	8.12713	9.28514	8.99142	8.84797	8.95083	9.46871	9.8269	9.43553	9.19764	9.37697
											
GCV3	6.67411	6.67202	5.29793	4.35652	4.64894	4.63548	11.3961	13.3834	12.1958	16.5356	14.2041
											
YAL044W-A	8.35007	10.6945	11.7511	11.4498	6.26054	10.9805	9.8272	11.8875	10.6479	3.90714	4.24379
											
AIM1	7.72238	10.5242	11.9034	9.24247	4.18218	8.46131	10.2085	11.6778	11.0982	7.35231	7.62727
											
SPC72	11.5498	8.34872	9.05956	8.56971	9.20872	9.12089	8.93787	8.83435	9.0306	8.66525	8.67453
											
GEM1	6.13003	9.52047	9.38501	10.8903	5.10452	9.90063	9.53477	11.4117	9.38054	9.14661	9.59544
											
AIM2	11.6149	8.97169	10.4123	8.66063	11.6566	9.08276	7.68447	7.0157	7.23706	8.46233	9.20151
											
OAF1	8.23016	8.49014	8.88639	9.69887	10.0565	9.94842	9.07363	9.2164	9.21662	8.68164	8.50124
											
FLC2	9.72001	8.84458	10.107	8.60789	10.5496	8.9616	9.70462	8.91251	9.35317	7.26475	7.97435
											
ACS1	0.290545	0.456233	0.459147	6.87712	7.27456	8.00039	0.670719	1.73251	1.74109	34.8221	37.6756
											
PEX22	7.91314	8.37491	9.30715	10.28	8.63119	9.63536	8.02775	9.64006	7.51721	10.2529	10.4204
											
GPB2	8.41121	8.31562	8.609	8.72945	9.78746	9.07725	10.0271	10.1864	9.58979	8.66912	8.59759
											
CNE1	8.84803	8.10505	9.118	10.9066	10.3216	11.053	8.02954	9.06223	7.95079	8.5241	8.0811
											
ECM1	10.2177	9.06973	9.70332	9.55403	11.4382	10.0701	8.98197	8.69559	8.78467	6.59312	6.89165
											
BDH1	7.16096	7.50689	7.41288	6.63317	6.13771	6.45638	11.0981	11.0316	11.4542	12.2545	12.8536
											
BDH2	6.43447	9.81354	10.5295	17.1558	8.75013	15.0392	3.65492	4.63431	3.56848	9.92226	10.4974
											
GDH3	13.9335	14.115	13.0078	5.41047	5.70355	5.45704	6.61441	7.46503	6.33595	12.5191	9.43819
											
ERP1	8.87126	8.79569	10.2231	11.4106	10.6923	9.89384	8.55232	9.33753	7.71473	7.5147	6.9939
											
NUP60	9.9352	8.01925	9.51471	8.16631	10.5809	8.19022	9.08501	8.63446	9.27013	9.07129	9.53254
											
SWD1	8.47149	7.80289	8.4966	9.57584	10.1146	10.421	9.43094	9.35265	9.20284	8.15962	8.97153
											
RFA1	9.40681	8.64148	9.44153	9.94805	8.10988	9.78879	8.9944	9.07942	8.64451	8.7398	9.20532
											
SEN34	8.9343	9.13055	9.19489	10.8068	11.5864	11.4406	10.7209	9.24289	9.01487	4.8935	5.03435
											
YAR010C	10.5015	14.1842	9.34639	12.3681	11.1996	11.4557	7.02473	6.39239	7.11978	5.35193	5.05567
											
BUD14	10.3327	9.40198	9.93939	9.21183	11.218	9.11048	9.74609	9.18579	9.77297	5.9636	6.11717
											
ADE1	6.66213	6.20179	6.34327	7.48031	8.66398	7.88573	9.88059	10.5194	10.2753	13.4069	12.6806
											
KIN3	8.64521	7.66338	8.87685	7.86728	8.29095	7.66651	10.227	10.1066	10.4769	7.75032	12.4289
											
CDC15	9.68174	8.84845	9.06538	9.07471	9.72917	8.69943	9.00206	9.71731	9.04927	9.43883	7.69365
											
UIP3	11.8281	10.3916	12.5778	9.78381	11.9658	10.3936	8.49013	9.06397	8.30267	3.40212	3.80036
											
PRM9	8.15297	8.47353	9.61704	10.513	11.2788	10.5464	6.76946	8.11127	7.2668	9.58979	9.68095
											
MST28	8.50487	7.90123	8.9301	13.7119	14.8082	13.8008	6.14027	7.20375	6.04889	7.19167	5.75826
											
YAT1	2.97049	3.57545	2.58538	3.56482	4.63278	4.51797	5.75977	6.66381	6.85031	29.9665	28.9127
											
SWH1	8.21769	7.81555	8.46614	8.62573	9.78459	8.91391	9.0398	9.24153	8.40323	10.4211	11.0708
											
HTB2	9.34085	15.8236	7.22092	10.3997	7.52937	8.3332	8.34989	6.79123	9.13132	8.97252	8.10739
											
HTA2	6.7901	18.1252	6.12154	10.4921	9.23505	8.50087	7.28389	7.14554	8.09996	9.6318	8.57403
											
UTP20	9.21499	8.54107	9.68035	9.76243	10.1261	9.59592	9.29557	8.88726	9.05787	7.87073	7.9677
											
PDR3	6.39982	6.02385	6.63519	15.3262	17.6389	15.8575	7.2887	7.30646	6.55747	5.79536	5.17049
											
YBL005W-A	6.84717	5.68651	5.28087	9.99374	9.29379	11.0056	13.2615	10.62	13.7525	7.11645	7.1418
											
LDB7	9.12509	8.31946	8.92967	8.44754	11.0505	9.17632	8.8794	8.26559	9.13355	9.5653	9.10759
											
SLA1	10.4076	8.95948	9.97099	8.19778	8.86143	8.39945	9.27742	9.00809	9.70586	8.39405	8.81784
											
HIR1	9.20284	8.59649	8.96409	8.5975	9.94524	10.4887	9.29032	8.58359	9.42933	8.5933	8.30861
											
ALK2	10.1081	9.70645	9.84548	9.11897	8.2849	9.45211	9.6967	10.9092	9.54108	6.15024	7.18675
											
YBL010C	9.73753	9.76854	9.64395	8.15024	8.58956	8.35676	8.95545	9.69912	9.08466	8.68715	9.32704
											
SCT1	8.43845	8.27939	9.40293	10.7837	8.85769	10.8396	8.76197	9.27978	9.46278	7.93883	7.95484
											
FMT1	8.00235	10.5002	10.6307	8.01253	5.23456	8.18601	8.95102	10.6077	10.2098	9.78354	9.88163
											
RRN6	9.55002	9.62627	7.01651	10.7264	10.6884	8.92516	9.90632	11.5056	8.71797	7.88338	5.45395
											
ACH1	9.69145	10.3201	10.3526	1.47528	1.77062	1.29166	12.8634	12.6008	12.7538	13.8931	12.9872
											
FUS3	13.3768	11.7398	12.52	8.17743	7.32754	8.48144	10.7767	9.45629	9.29043	4.81255	4.04102
											
PEP1	8.02349	8.38039	8.80736	10.2459	7.35828	9.90653	9.14659	10.0412	10.1446	9.16242	8.78331
											
POP8	9.86278	7.01651	8.07999	9.9062	12.3543	11.031	10.1031	8.09779	9.98362	6.36679	7.19795
											
APN2	9.6618	8.89584	9.23849	7.65367	8.70472	8.94688	10.1146	10.0777	10.2992	8.1322	8.27499
											
RFT1	9.6764	10.1427	10.7491	8.28101	8.65263	7.71589	9.40386	9.8062	8.93035	8.33939	8.30256
											
HAP3	12.2485	9.68148	8.63673	7.73876	9.23196	9.22714	11.8663	9.00947	9.13823	6.01138	7.21006
											
PIM1	10.3415	9.44433	10.2991	8.58905	9.22419	8.5804	9.10525	8.57277	8.76246	8.52448	8.55656
											
MCM2	8.97791	8.52302	8.83795	9.25595	9.3725	9.84908	9.54834	9.14382	9.32681	8.57768	8.58693
											
NCL1	8.94594	8.35854	9.17077	8.42847	8.61438	8.77372	9.21918	9.4659	9.53947	9.62812	9.85551
											
RRN10	10.3214	9.51713	8.4381	9.64329	7.32916	10.196	9.87361	8.47457	9.30927	8.12027	8.77721
											
LSM2	8.98131	8.25693	9.74539	8.99893	9.24987	9.46181	9.7031	9.25791	8.83693	8.36934	9.13849
											
RPL19B	9.04076	15.3276	8.75064	8.73326	8.15105	7.48662	8.21208	8.40322	8.45626	9.42332	8.0152
											
YBL028C	11.2413	10.6075	11.7033	9.18276	12.1208	8.77879	9.42088	8.79174	9.70527	4.67333	3.77444
											
YBL029C-A	9.15484	8.07469	10.2405	4.24654	6.20337	4.93452	8.73893	8.45345	9.21537	14.6585	16.0793
											
PET9	11.5562	17.7576	11.4356	4.72508	3.74356	3.96473	9.15278	9.31138	9.12505	9.82048	9.40757
											
SHE1	8.75364	9.22713	9.07155	9.6033	9.57947	12.339	8.69726	9.97547	8.87216	7.38369	6.49738
											
HEK2	9.87986	9.27264	9.84121	8.48307	10.1852	8.40202	8.7681	8.84972	8.99382	8.96293	8.36144
											
RIB1	10.6732	9.09076	10.1504	8.94362	10.3981	9.53715	12.063	11.676	12.014	2.79246	2.66134
											
STU1	9.23635	8.81292	9.406	9.5752	10.0939	9.71009	9.33549	9.33724	9.60433	7.57922	7.30926
											
POL12	10.123	8.87138	9.40715	10.1616	11.3966	10.5002	9.64386	9.38256	9.93756	5.55082	5.02531
											
YBL036C	8.68038	8.38895	9.02155	9.92136	9.9002	9.50412	8.38171	9.17056	8.27594	9.41272	9.34253
											
APL3	9.06377	9.04775	9.3751	9.92398	9.96716	10.0525	9.39605	9.42933	9.16576	7.42416	7.15445
											
MRPL16	10.9585	10.5919	11.218	4.91472	5.60925	4.66261	10.0189	10.885	11.156	10.4459	9.53924
											
URA7	10.3385	10.2095	9.28237	9.23773	8.73678	9.41199	8.60918	8.39768	8.59794	8.96278	8.21561
											
ERD2	9.40476	9.46535	8.40574	12.1892	8.27776	9.35699	8.78376	8.43319	8.38356	8.28949	9.01021
											
PRE7	11.646	8.31966	9.67407	8.90455	8.37387	9.95183	9.15445	7.51751	9.33991	8.40357	8.71458
											
FUI1	10.4827	11.7003	7.98874	10.5037	11.7288	10.333	12.1506	10.7874	10.7367	2.00965	1.57846
											
COR1	10.2889	15.2515	10.5203	4.31407	4.13518	3.57021	10.3755	10.2026	9.94364	10.7289	10.6693
											
PSY4	9.10109	9.03079	9.21532	10.218	11.3877	10.5412	9.76807	9.48077	9.67816	5.75414	5.82477
											
EDE1	9.67665	8.39403	9.07738	8.94834	10.3946	9.59335	8.78366	8.69893	8.65	8.92138	8.86172
											
MOH1	2.07052	2.78353	4.27803	12.9776	13.7473	16.7443	5.2524	4.24843	4.05408	16.5003	17.3435
											
SEC17	9.19634	7.81436	8.45291	8.19554	8.50702	8.46801	9.9859	10.2437	10.271	9.36055	9.50461
											
PIN4	8.83847	7.09981	7.38205	8.15457	9.1853	9.9941	10.7937	9.22502	11.0334	9.17774	9.11586
											
SAS3	7.9207	8.66931	8.51045	10.0894	9.91092	10.6029	8.52392	9.09011	8.78215	9.06596	8.83416
											
TOD6	11.5124	9.0164	9.72148	10.3328	13.4793	10.8501	9.19707	7.55033	9.26422	4.3849	4.69098
											
YBL055C	8.34959	8.74746	9.24961	9.31907	7.89801	9.00879	9.34228	9.51123	9.36215	9.21437	9.99743
											
PTC3	7.92275	8.94609	9.24576	9.011	5.84837	9.64017	9.45646	10.0967	10.452	9.94736	9.43337
											
PTH2	8.70582	8.29371	8.72867	8.54866	9.07407	8.74251	9.69264	9.63432	10.2919	9.05317	9.23451
											
SHP1	9.49331	8.34574	10.2674	8.00606	8.2097	7.8103	9.26264	8.60049	9.25639	9.52338	11.2246
											
CMC2	11.4829	10.8047	11.6773	5.3372	6.16741	5.15353	11.2099	11.361	11.3511	7.60214	7.85283
											
YBL059W	11.2384	10.054	10.4191	5.38617	5.75661	5.45478	10.6769	11.537	10.9555	9.90058	8.62097
											
YEL1	7.89799	7.37832	8.81017	9.94507	10.7804	11.0374	8.30037	9.20108	9.4869	8.75763	8.40469
											
SKT5	10.8439	9.42316	10.1294	9.32415	10.2004	9.33196	9.92585	9.4401	9.33481	6.24837	5.7979
											
KIP1	10.0976	9.14544	9.71821	8.82523	11.1605	10.2027	9.63189	9.44337	9.66967	5.96634	6.13911
											
PRX1	9.13394	11.7826	9.1414	5.89829	6.30821	5.66593	10.2995	9.83181	9.85044	11.0281	11.0597
											
SEF1	10.5126	9.60122	9.93548	5.25558	5.81596	5.4644	11.1394	10.8851	11.0732	10.0135	10.3037
											
UBP13	8.68091	8.35827	8.93566	12.0606	11.9715	12.2039	7.9854	8.61807	8.22272	6.53312	6.42983
											
PRS4	9.66915	9.28209	10.2567	8.64682	9.31982	8.30582	9.7704	9.36643	9.17713	7.80892	8.39674
											
AST1	9.89088	9.3351	10.3676	8.49066	9.15031	8.30143	9.6298	9.67965	9.41564	7.90609	7.83282
											
KTI11	11.4184	11.0917	12.0898	12.4117	8.56585	12.9821	10.6105	8.98998	9.32387	1.244	1.27207
											
RPS8A	9.70144	11.0306	10.5576	8.2393	5.84043	8.66058	9.11701	9.25691	9.84889	9.85401	7.89328
											
AAR2	8.72475	7.87042	9.25727	8.17942	10.1304	8.68878	8.75812	9.03485	9.26516	9.69552	10.3953
											
SSA3	1.32457	1.47776	1.57259	1.79666	1.94488	2.00702	0.93118	2.51901	2.49414	44.8975	39.0347
											
ILS1	8.87233	7.68375	8.01162	8.18264	8.59102	8.41594	10.2975	10.1657	10.0085	10.0691	9.702
											
ATG8	6.10972	7.10575	8.14164	8.23621	5.69229	8.32175	5.7095	6.63462	6.37293	18.1889	19.4867
											
NUP170	8.90025	8.35263	8.99668	9.60581	9.45137	9.59577	9.03667	9.02185	8.70865	9.161	9.16933
											
PET112	10.8936	10.0191	10.434	5.04289	5.95191	5.43033	10.429	10.2835	9.78408	11.1432	10.5884
											
YBL081W	13.4545	10.6778	12.1517	6.84933	10.5759	8.68204	11.4041	10.3153	12.5082	2.10203	1.27913
											
ALG3	9.31005	8.45191	9.48368	10.7626	11.3658	12.0971	8.34066	7.99551	7.70207	7.1006	7.39005
											
CDC27	8.63638	7.22418	8.54277	7.88058	9.53305	8.5426	9.90238	9.78245	9.52915	9.72375	10.7027
											
BOI1	9.99347	8.84458	9.6679	9.01491	10.1594	9.51934	9.1385	9.09251	9.3408	7.5324	7.69615
											
YBL086C	7.50467	8.58975	9.46606	10.8298	6.39532	9.25582	8.4528	9.98604	8.71191	10.5802	10.2276
											
RPL23A	9.76368	9.28455	9.62732	8.16483	7.18375	8.76983	9.1071	8.88405	10.3596	9.6763	9.17895
											
TEL1	6.01954	8.61651	10.4013	13.389	2.78739	12.4658	7.70514	11.4559	10.4562	8.28045	8.42277
											
MRP21	18.4668	8.68039	8.65908	7.1075	5.71094	6.7146	9.66229	7.70871	8.97456	9.98493	8.33017
											
MAP2	9.60752	8.12351	9.05674	8.57135	9.43286	8.8805	9.18498	9.11302	9.29534	9.53979	9.19438
											
SCS22	8.18543	7.1311	8.43581	11.725	12.8779	12.0115	8.69949	8.87185	8.15596	7.32165	6.58432
											
RPL32	10.0381	11.8014	8.90101	7.82955	8.34654	7.5267	9.66209	9.72845	9.0965	9.0309	8.03875
											
YBL095W	10.5846	12.631	15.1388	4.58364	4.98817	4.75687	8.15959	9.0941	9.04807	10.656	10.3592
											
BRN1	9.77956	8.77709	9.60702	9.14448	10.3564	9.65373	9.3052	8.87973	9.54818	7.22647	7.72212
											
BNA4	7.99037	9.81773	9.5352	5.8694	4.7831	5.8941	10.4678	12.1922	9.82266	12.1932	11.4342
											
ATP1	11.5527	13.1936	10.3478	4.34212	4.40913	4.14036	11.2254	10.5365	10.534	10.0145	9.70391
											
ECM21	8.04794	6.96716	7.47034	8.88928	9.1061	9.55399	8.16658	8.33646	8.37301	12.6636	12.4256
											
SFT2	9.03074	8.53235	8.06957	9.11286	9.68656	8.67239	9.11211	9.78944	9.09223	9.59801	9.30373
											
RTG3	7.28086	6.96328	7.95627	8.14332	9.62347	8.92839	10.4705	11.1303	11.1143	9.15848	9.23084
											
SEA4	7.64724	7.58633	8.20178	9.66511	9.62727	10.1096	9.13966	9.23619	9.17377	9.73023	9.88282
											
PKC1	8.08151	8.0725	8.53817	9.25024	8.96573	9.70805	9.39058	9.73187	9.6282	9.32927	9.30389
											
SRO77	9.585	8.48489	8.65658	15.7407	17.9391	17.1796	6.23206	5.84189	6.85076	1.89894	1.59043
											
YBL107C	7.2624	9.13325	10.3205	9.52502	4.20098	10.0714	9.23452	9.89299	10.1193	9.43108	10.8086
											
NTH2	9.89815	9.4272	9.74844	10.102	12.9177	10.8782	9.29208	9.4672	8.91567	4.73219	4.62113
											
RER2	8.89941	8.0025	8.58254	9.95057	10.1575	9.66831	10.1351	9.76493	9.25577	7.91962	7.66382
											
COQ1	9.94861	10.1986	10.6126	5.97119	6.72959	6.25228	10.3787	11.183	10.5457	9.4389	8.74083
											
RCR1	12.6595	10.628	12.1627	8.50512	10.7487	10.4056	9.71146	8.48913	8.85049	3.84337	3.99593
											
UGA2	6.9735	7.02637	6.81197	11.9763	11.3958	13.252	7.25161	7.40587	7.31453	10.8244	9.76764
											
DSF2	9.81261	8.91865	9.70348	9.2274	11.358	10.6108	9.47524	9.67526	9.75853	5.77664	5.68337
											
HHF1	8.36337	12.6184	7.01085	10.11	8.67764	9.11364	9.1819	7.45561	9.63361	9.67357	8.16143
											
HHT1	8.00896	12.4139	8.03447	10.2934	10.5833	8.47181	8.78945	8.18101	8.80752	8.29467	8.12149
											
IPP1	7.18629	15.6662	7.15362	10.6477	9.17196	8.42666	7.67059	7.81096	8.05112	9.4344	8.7805
											
GRX7	11.6234	10.8099	11.8571	9.50274	9.09055	10.2267	9.2945	9.79541	8.54275	4.66593	4.59097
											
MNN2	9.36147	9.43899	10.12	10.8847	8.78893	11.1066	8.57784	9.50292	8.64836	6.87811	6.6921
											
YBR016W	9.70451	8.81817	7.92689	13.4302	14.9693	8.70305	7.63998	8.49859	6.40404	8.13163	5.77365
											
KAP104	8.54501	9.2293	9.55101	9.98884	8.66166	9.03458	8.46523	9.60626	8.77988	9.25886	8.87938
											
POA1	10.3504	7.90895	8.23461	9.58721	7.74274	10.825	8.93198	8.4369	9.67956	9.7061	8.59655
											
CHS3	12.3351	12.034	13.105	9.18848	8.92739	9.11219	9.34155	9.26912	9.5311	3.9104	3.24567
											
SCO2	7.6439	7.93448	10.2871	10.1901	8.87683	9.11554	9.46305	10.1129	8.81891	8.0582	9.49892
											
OLA1	10.2793	9.92576	9.92771	8.808	7.7452	9.12246	9.06558	8.44822	9.44951	8.67222	8.55604
											
ETR1	10.4768	9.02969	9.73504	9.64868	10.6416	10.0876	7.6918	7.72593	7.19471	9.27885	8.48932
											
YPK3	11.1413	10.3824	10.346	8.44906	9.60623	9.32454	10.3862	10.1283	9.73979	5.75085	4.7455
											
CDS1	10.7239	8.68795	10.1033	9.23649	10.9683	9.37913	9.13927	8.69212	8.56396	7.42253	7.08306
											
RKM3	8.55013	8.3333	8.81111	10.1875	9.76589	10.4271	9.35047	9.79348	9.38475	7.7405	7.65576
											
RPL4A	9.56918	11.7564	9.79845	8.56717	8.16353	7.76235	8.93897	8.72639	8.95171	8.8158	8.95004
											
EDS1	11.1289	13.8379	14.2204	7.12441	4.0798	7.09763	12.1202	13.7486	12.572	2.0264	2.04361
											
HMT1	9.08974	8.69479	9.71149	10.6671	10.3808	10.0428	8.86402	8.48848	8.21808	7.32811	8.51457
											
PDX3	7.74984	7.03721	6.93775	7.5642	7.79041	7.97141	12.6631	12.7611	11.8601	9.54294	8.12203
											
CSG2	10.6201	8.96953	10.3545	11.6508	12.031	11.0801	9.26966	8.49585	8.37046	4.40398	4.75401
											
SCO1	8.9247	8.76431	9.94389	10.5273	9.60575	10.0228	7.93232	9.07282	8.77445	8.4302	8.00148
											
CHS2	10.5905	9.32461	9.21664	10.2251	10.0193	10.7741	10.2682	10.5167	10.406	4.23759	4.42129
											
ATP3	11.8495	10.5408	12.032	3.64432	4.38158	3.60791	11.5366	10.4229	11.439	9.37434	11.171
											
FAT1	10.1112	8.75314	9.95839	9.62733	9.47209	9.37812	8.5888	9.04702	8.73121	8.20261	8.13014
											
CST26	8.67749	7.72088	8.42027	10.9762	12.0694	10.944	8.40287	8.57662	8.46873	7.95782	7.78569
											
QDR3	7.15349	6.90842	7.45341	11.2836	13.0557	11.8799	11.4822	10.6499	12.3776	3.33105	4.42489
											
TCM62	10.8763	9.90272	10.9773	6.94588	7.64841	7.20945	9.48749	9.50054	9.70977	8.674	9.0682
											
ZTA1	5.57729	5.87315	6.60269	11.6083	8.82493	11.9815	7.19291	7.73845	7.06693	12.8813	14.6525
											
RPS11B	9.13823	14.9784	8.91734	9.00188	6.82745	7.1483	8.74462	8.22713	8.4488	9.47303	9.0948
											
REB1	8.71742	7.93571	8.45166	9.10763	10.7736	9.75635	8.88774	9.09767	9.10682	8.97726	9.1881
											
RFS1	10.2011	8.56837	9.28065	9.05657	9.51971	9.47349	8.47135	8.47765	8.52764	9.06697	9.35648
											
YBR053C	7.53711	8.20401	9.13013	9.65688	8.18179	9.32638	8.21237	8.71063	8.41747	10.8199	11.8033
											
YRO2	8.49801	9.26323	10.7714	2.9	3.6642	2.5866	15.6808	15.2838	13.4174	8.91983	9.01478
											
PRP6	8.90483	7.95266	8.40223	9.35576	10.287	9.77247	9.05309	8.85171	8.55041	9.45384	9.41601
											
YBR056W	8.29402	7.35649	8.61547	8.2636	8.59084	8.92762	7.96537	8.17719	8.57764	12.7523	12.4794
											
MUM2	11.2966	10.6726	11.8522	8.75024	8.73424	8.52307	8.97627	9.27174	9.46654	6.39372	6.06283
											
UBP14	6.85385	7.99713	8.16711	10.5248	9.62554	9.46306	8.29837	9.53563	9.04196	10.4068	10.0858
											
TSC3	9.50854	8.24037	8.52879	9.21675	10.7312	9.72256	9.21152	8.42852	8.98411	8.46336	8.9643
											
AKL1	8.92772	8.52965	9.33904	9.54936	9.09184	9.78468	9.12179	9.42631	9.59244	8.23804	8.39914
											
ORC2	9.28192	8.12413	8.83846	8.74735	10.1514	9.25034	9.3887	9.19907	9.32534	8.68609	9.00725
											
TRM7	9.07894	8.13637	9.31802	7.24284	9.84011	8.93797	9.39642	8.47297	10.5751	9.95881	9.04243
											
ECM2	8.66726	7.67605	9.0376	9.69093	11.0245	10.1839	9.63632	8.97719	10.0381	7.5812	7.48697
											
NRG2	9.83368	7.07	8.65204	11.7348	12.4216	15.2667	10.6656	10.5811	11.9208	0.791569	1.06218
											
TIP1	8.94098	10.1955	9.48843	16.3359	17.8842	14.5714	7.09928	5.76499	7.02495	0.974261	1.72014
											
BAP2	12.0892	10.125	12.3745	7.96227	10.0225	8.39112	10.4353	9.97332	10.9278	3.78799	3.91107
											
TAT1	12.0812	12.6417	13.3226	10.8738	10.6693	9.57565	9.14266	8.80202	8.68422	1.92198	2.28496
											
ALG14	8.23364	7.82787	7.9538	11.3164	11.9146	9.76948	7.815	8.62353	9.30292	8.98105	8.26173
											
YBR071W	11.6811	11.0637	11.1274	8.5876	10.2287	8.29338	10.4046	9.13126	9.29788	4.32427	5.86016
											
HSP26	4.07058	4.79466	7.47268	4.3701	6.10491	4.78319	2.19304	4.16577	3.43728	27.2427	31.3651
											
RDH54	12.3844	11.776	11.4149	9.23522	9.51154	9.02592	9.59582	9.20605	9.72896	4.19284	3.92836
											
YBR074W	9.9483	8.71681	9.49753	7.91174	8.21689	8.37378	8.93957	9.2445	9.3786	10.0607	9.71153
											
SLM4	9.56396	8.11412	9.29551	9.79957	9.54592	9.66788	9.43489	8.77806	8.30092	8.41008	9.08908
											
ECM33	9.84742	12.0691	10.2139	9.1978	6.20353	8.91341	8.48489	8.5986	9.34947	8.63123	8.49067
											
RPG1	10.0337	8.982	9.747	8.23586	9.42745	8.09774	9.41066	9.05972	9.38855	8.75322	8.86406
											
SEC18	9.33051	8.96211	9.08193	9.29992	10.1298	9.58183	9.06315	9.3182	8.88334	8.48185	7.86736
											
SPT7	9.11079	8.22511	8.94215	9.12238	9.93369	9.49512	9.39289	8.89563	9.18341	8.51474	9.18408
											
UBC4	7.7405	9.11303	10.5328	10.2022	6.51114	9.47096	8.41119	9.11718	9.76946	8.79912	10.3325
											
TEC1	11.2812	9.98217	10.7103	10.1779	9.71923	11.7484	7.11504	6.94032	6.90049	7.71313	7.71175
											
MIS1	11.3318	10.3254	10.8449	7.15888	7.25396	7.16489	9.24127	9.30353	9.3486	9.22058	8.8063
											
YBR085C-A	5.86383	5.57419	5.93718	7.86414	7.09851	6.83549	9.60069	6.01977	8.09012	15.6802	21.4359
											
AAC3	7.56998	5.88333	6.98865	11.2319	11.8126	11.5566	9.1943	10.3751	9.86131	7.68907	7.83712
											
IST2	9.11456	7.64737	9.22151	8.60343	9.45178	8.84195	8.801	9.35824	8.62771	10.3207	10.0118
											
RFC5	8.2446	9.03028	9.5776	9.86003	7.27104	9.98946	8.95712	9.39272	8.98064	9.66583	9.03069
											
POL30	8.89841	10.1558	8.7869	8.60389	8.74356	8.58332	8.85528	9.77977	8.84199	9.50527	9.24582
											
NHP6B	7.14978	6.43223	7.2739	9.45995	11.7674	9.96635	7.55288	7.72839	7.76306	11.7807	13.1254
											
TIM12	9.15254	10.8003	10.8104	8.05262	10.4516	7.52375	8.63357	9.31111	8.22186	8.50208	8.5402
											
PHO3	9.73482	9.94089	10.9451	5.24617	5.91871	4.56835	10.6846	11.7617	10.7086	9.95371	10.5374
											
PBY1	8.31273	8.80439	9.65843	9.72676	8.57024	9.46427	8.54447	8.95289	8.71254	9.67653	9.57676
											
RXT2	9.27569	8.29301	8.50667	9.67859	10.1361	9.73338	9.22635	9.41239	8.57181	8.4478	8.71818
											
YBR096W	9.71461	8.47445	9.41364	11.1786	6.39885	10.7469	9.18216	9.41234	9.08487	8.50606	7.88758
											
VPS15	8.51771	8.23862	8.84786	9.92193	9.43731	10.1439	8.75412	9.01104	9.15192	9.14691	8.82867
											
MMS4	7.06868	9.97416	10.0033	10.8145	6.03782	11.0098	10.0742	10.8367	10.3884	6.49182	7.30068
											
FES1	8.05639	7.6021	8.49287	8.5749	9.82879	8.73366	8.0786	8.06522	8.06172	11.5939	12.9119
											
EXO84	8.19745	8.32151	9.32007	10.183	7.64863	9.5989	8.87075	9.2424	8.96688	9.68918	9.96118
											
SIF2	8.81479	7.81006	8.72012	8.92689	10.1756	9.2834	9.51475	9.28486	8.78898	9.16855	9.51197
											
YMC2	5.94507	4.77205	5.16153	6.57555	6.77334	7.90272	13.0053	11.7769	12.7582	13.0651	12.2642
											
VID24	9.34066	9.00936	12.0802	14.3869	17.9265	12.9525	6.67517	5.65146	6.30822	2.75031	2.91873
											
PHO88	9.9383	9.74006	8.69736	10.6286	11.249	10.5487	8.23867	7.77155	8.10546	7.48361	7.59863
											
IML3	8.7009	7.26777	7.58049	10.0303	12.4749	10.3814	9.41814	8.62753	8.83004	8.63701	8.0516
											
AIM3	8.97837	7.76048	8.52669	8.37814	9.79108	8.6835	8.82356	9.10374	8.91846	10.7855	10.2505
											
CMD1	6.588	6.53779	7.22909	9.1164	8.08959	11.227	9.3807	10.5168	9.28679	9.54384	12.484
											
ALG1	7.08875	8.57234	9.3496	11.1979	7.90488	10.6784	8.91352	9.94876	9.01454	8.66617	8.66513
											
YSA1	9.77188	9.43489	10.4783	9.47143	10.3444	9.34443	8.03532	8.49024	8.01345	8.07096	8.54474
											
SUS1	13.2613	10.2711	6.98368	10.3038	8.38785	9.10336	9.28087	7.39553	9.50644	6.95439	8.55168
											
CYC8	8.86211	8.57714	9.08186	8.78598	9.42372	8.91961	9.44688	9.71246	9.46656	8.90235	8.82133
											
RAD16	9.21775	8.45626	9.10351	8.31904	9.54858	8.28959	12.8935	11.1548	12.1886	5.59749	5.23085
											
LYS2	15.9186	13.5382	15.0583	16.2353	16.532	17.4648	1.64314	1.50199	0.875394	0.756715	0.475534
											
TKL2	5.11113	4.71904	5.56217	11.3634	15.5218	13.8211	5.83468	5.25665	5.68712	14.1366	12.9862
											
TEF2	8.74421	13.9132	9.21736	9.27584	8.67067	7.83239	8.36898	7.91203	8.70249	8.85283	8.51001
											
MUD1	8.74678	7.90766	8.63773	7.91043	9.28487	8.57577	9.53054	9.82043	9.54603	10.0419	9.9979
											
CBP6	10.9283	11.2672	9.53309	8.7952	8.416	8.02839	9.27079	8.97919	8.6056	8.42064	7.75563
											
GRS1	10.1044	10.6079	9.48671	9.57414	9.60777	9.01711	8.65154	8.5946	8.35918	8.02647	7.97025
											
MRPL36	12.3409	10.7088	11.38	5.08161	5.89471	5.16034	10.6104	10.4461	10.5782	9.03446	8.76454
											
TFC1	9.72286	8.41852	8.93112	8.61549	9.74416	9.43446	9.20641	8.81106	9.05208	9.25606	8.80779
											
PTC4	8.37598	8.20765	8.9864	9.55833	10.3726	9.21751	9.29731	9.17836	8.86458	8.88785	9.05337
											
TPS1	7.80371	8.8946	8.98395	10.3224	9.71136	10.2904	7.92494	8.74976	7.8215	10.2259	9.27149
											
YBR126W-A	7.76905	9.42588	10.1172	13.3235	6.84361	8.93373	9.94869	9.06489	8.4028	6.79485	9.37574
											
VMA2	9.71288	11.826	8.52132	8.90929	8.73455	8.73886	8.70173	8.79867	8.8011	8.99206	8.26349
											
ATG14	7.34225	8.31773	7.98308	9.87759	10.0498	10.1566	7.39086	9.57014	9.05498	10.3993	9.85768
											
OPY1	7.84022	8.13223	9.20879	9.92901	7.97571	11.054	8.30276	8.7282	8.54602	9.82124	10.4618
											
SHE3	9.57215	8.56072	8.86443	8.9038	9.77131	9.24174	8.98678	9.37633	9.54956	8.59813	8.57504
											
CCZ1	7.40344	7.85961	7.33665	9.53538	11.0182	9.98772	9.81609	9.67887	8.77132	9.57591	9.01677
											
AGP2	10.6575	9.17124	11.1568	11.6759	12.4	11.4069	9.17456	10.0537	8.86141	2.66287	2.77909
											
HSL7	8.51223	9.26249	9.18198	10.6043	7.69804	10.353	8.8097	9.57406	8.47752	9.14627	8.3804
											
CKS1	8.79713	8.74939	9.05908	9.41448	10.8761	10.2643	9.40242	8.81913	9.49581	7.68415	7.43803
											
MEC1	7.70442	7.46326	8.01878	10.2797	9.76675	10.5111	9.30932	9.50628	9.25004	9.11999	9.07039
											
YBR137W	13.535	7.04849	7.94962	9.02559	8.20117	9.78086	10.5507	6.70161	10.1829	8.41771	8.60633
											
YBR138C	7.40255	6.0838	6.34894	6.33661	6.39401	6.92692	12.8279	9.91964	11.0138	14.0922	12.6537
											
YBR139W	7.14321	7.88496	7.47561	8.79012	8.16187	8.13487	8.75247	9.41031	9.56886	11.9541	12.7237
											
IRA1	9.41109	9.67837	10.0739	9.69743	10.1886	9.57528	9.56963	9.9857	9.14725	6.60932	6.06344
											
YBR141C	10.5044	10.0387	9.44946	11.6011	12.3342	11.091	10.124	9.01215	8.78908	3.75059	3.30532
											
MAK5	9.48946	8.68417	9.5543	9.09107	9.65449	8.75585	8.97203	9.00979	8.90648	8.96024	8.92213
											
SUP45	10.1124	9.86084	10.5634	9.22464	7.98431	9.27254	8.73453	8.81272	8.80147	8.26426	8.36887
											
ADH5	2.36043	4.89717	2.74281	7.28783	7.06307	6.50196	12.9921	13.9194	13.1761	14.712	14.347
											
MRPS9	12.9182	10.9927	12.3619	3.88113	4.85314	4.07832	11.7403	10.7709	11.1228	8.70422	8.57644
											
ARA1	8.18292	10.366	7.84127	10.2164	8.71706	10.0029	7.67013	8.34772	7.57112	10.7761	10.3083
											
TBS1	7.88117	7.07603	8.26555	10.3168	11.0886	10.222	9.58623	8.60093	9.64989	8.15278	9.16006
											
APD1	7.46304	9.244	10.0062	10.5011	5.21047	10.8125	8.95554	10.408	9.78726	8.44804	9.16383
											
SPP381	8.37741	11.0039	6.51427	10.9095	9.69771	9.79406	7.81614	13.1887	7.66254	7.60635	7.42941
											
RIB7	7.44989	7.72476	8.11863	9.74783	7.24469	9.43651	9.22023	10.9543	9.46092	9.9593	10.6829
											
RPB5	9.74775	8.94275	9.47246	8.65128	8.19474	9.40533	9.18894	9.00628	8.92672	9.0076	9.45615
											
CNS1	8.40044	8.45454	9.05494	10.3592	9.56233	10.2074	8.76353	8.82264	9.01692	8.67809	8.67996
											
SLI15	8.98064	8.37647	8.93505	9.14038	12.2164	9.70243	8.84955	8.97664	9.66502	7.58001	7.57744
											
ICS2	9.7611	11.0414	11.1921	7.2942	7.51005	9.08926	7.41063	10.4055	8.1906	9.38852	8.71656
											
AMN1	9.97842	7.87469	8.73855	6.0753	8.39352	7.65555	15.7258	14.4	17.5694	1.67048	1.91836
											
IFA38	8.22153	8.6008	9.56143	10.1497	8.21547	9.53122	9.74279	10.5848	8.52643	8.68899	8.17684
											
CDC28	10.4191	9.20688	9.98952	8.60886	9.56198	8.50004	8.92791	8.62138	8.79738	8.47812	8.88888
											
CSH1	10.8389	9.70292	11.5457	10.6266	10.8915	10.8579	10.1099	10.4859	9.9466	2.51346	2.48071
											
TOS1	6.38909	7.36664	8.31539	13.8173	7.73329	11.985	9.60717	11.0266	11.3921	6.23922	6.12813
											
YSY6	9.71878	9.52765	9.94362	10.046	13.1117	8.65537	9.2734	8.49875	7.26894	7.34603	6.60973
											
EXO5	11.1435	9.57918	10.2616	3.77474	4.44908	4.04947	12.2772	11.5025	11.8762	10.4748	10.6117
											
ARL1	9.07638	9.5507	11.1712	10.4832	9.35856	9.55311	8.67708	8.92168	7.60606	7.50896	8.09312
											
TYR1	7.7595	7.22859	7.75718	8.41801	9.30564	8.45358	10.0415	9.81684	9.96677	10.7186	10.5338
											
POP7	11.0977	9.58395	9.52394	9.49876	8.34398	10.3497	8.61862	8.92397	8.32984	8.0478	7.68175
											
SSE2	7.21286	7.35169	7.576	9.50041	10.3057	10.3951	7.35423	8.09425	7.30114	12.7201	12.1886
											
NPL4	8.77147	7.6553	9.00488	9.47775	10.0175	9.83535	9.00261	8.1381	8.59519	9.22661	10.2753
											
SEC66	9.12773	7.64789	9.28581	9.8807	11.5152	10.4393	9.61934	9.06822	9.52442	6.88101	7.01044
											
SMY2	11.5259	9.80685	10.1711	7.37255	8.1685	7.84984	11.4602	10.9573	10.892	6.09186	5.70394
											
UMP1	7.36847	6.5791	6.21927	13.3528	10.273	13.5934	7.73981	7.95167	7.76643	8.86937	10.2866
											
SWD3	8.84098	8.48804	8.50573	8.85734	9.04511	9.91929	9.32149	8.9231	9.80998	9.32378	8.96516
											
ECM31	9.14933	8.52172	9.27821	7.78583	7.00186	8.0051	10.3032	10.2521	10.4682	9.53855	9.69598
											
EHT1	12.6549	10.8597	12.3057	5.26053	5.79245	5.46151	10.8808	11.7907	10.3775	7.71641	6.89984
											
FZO1	11.8922	10.7026	11.4015	8.25305	8.99577	8.72996	10.3499	10.0017	9.51717	5.21921	4.93685
											
RPS6B	9.31282	14.3915	8.90188	7.92073	7.75612	6.76193	8.85697	7.50802	9.82388	9.36533	9.40087
											
YPC1	7.29187	7.26223	8.04146	9.80097	9.30965	8.81243	8.77159	8.41358	8.49588	11.5605	12.2398
											
MBA1	11.5427	9.37865	11.3554	5.66689	6.55705	5.61013	10.5969	10.4805	9.68684	9.68753	9.43734
											
GDT1	9.70956	8.23196	9.5891	8.98158	11.6982	8.78147	8.70662	8.6433	9.14613	7.88522	8.62686
											
NTC20	11.3607	10.2652	9.81204	9.03152	9.22707	9.628	9.3614	7.50311	9.18327	7.66518	6.96254
											
RPS9B	10.2183	11.6267	8.371	8.19421	7.95022	8.12738	9.69818	8.40331	9.37209	9.68186	8.35671
											
RPL21A	9.80843	11.6519	9.16613	8.3768	7.89889	8.51685	9.265	8.80292	8.88501	9.05939	8.56867
											
RIM2	10.7603	8.78472	10.3499	5.1909	6.26079	5.31735	10.7625	10.3699	11.1423	10.1183	10.9431
											
MED8	8.79949	8.24493	9.42688	8.55039	10.6363	7.86328	9.40966	8.99048	8.18374	9.52813	10.3667
											
MSI1	8.49822	8.63781	8.92148	8.4383	10.2077	8.70817	8.98216	9.30715	9.1543	9.78131	9.36342
											
PGI1	7.79653	10.3311	7.38747	10.6666	10.4695	10.3469	8.51406	8.67134	8.42161	9.06286	8.33205
											
YBR197C	11.0694	9.46749	9.80989	7.54393	9.00959	8.00066	9.09629	9.65292	9.53387	8.70219	8.1138
											
TAF5	8.36321	8.35262	9.21017	9.56577	8.62502	9.09159	9.03298	9.54347	9.37548	9.3904	9.44929
											
KTR4	8.9698	9.42211	9.75531	10.2812	10.0575	9.99153	8.2157	9.68971	8.52597	7.99086	7.1003
											
BEM1	9.56216	8.55372	9.72376	9.9722	9.92129	9.86053	8.69349	8.57392	8.57815	8.07711	8.48367
											
MCM7	9.67977	8.56252	8.93126	9.25043	10.1336	9.76059	11.0618	10.5406	10.601	6.08359	5.39489
											
LDH1	7.49158	8.52852	10.4095	11.5836	7.24384	10.2542	8.57841	9.80223	8.91672	8.42158	8.76984
											
KTR3	9.8175	8.70025	10.0176	10.1593	10.014	9.68548	8.63907	8.20637	8.8195	7.87655	8.06435
											
FTH1	9.9226	9.15547	11.2012	10.981	13.0274	9.26979	7.40111	7.57602	7.89805	6.68119	6.88617
											
"DUR1,2"	8.11354	7.43556	8.00036	10.2322	10.3894	12.0569	5.50204	9.61544	8.12054	11.731	8.80304
											
ERV15	8.02938	8.6739	8.29141	9.70351	11.0754	9.34767	9.31043	9.59488	9.62166	7.9403	8.41141
											
AME1	8.94421	7.98515	8.03119	9.81849	12.1498	10.4662	8.92012	8.28373	9.17298	7.70265	8.52545
											
NGR1	8.01282	6.74482	7.98897	7.75304	9.90544	8.41553	7.97035	7.32626	8.14679	13.1333	14.6027
											
MET8	8.39709	9.0175	9.75662	10.8741	9.22448	9.23553	9.31815	9.99826	9.26053	7.14069	7.77708
											
SDS24	7.1081	6.74249	7.81323	9.98341	10.3882	10.6906	7.12427	7.90825	7.72732	12.039	12.475
											
HPC2	10.0545	8.55822	9.58004	9.00833	10.7796	8.9608	8.86596	8.9776	9.05463	7.95238	8.20795
											
YBP1	8.00847	8.16351	8.83599	9.46711	9.02627	9.20711	9.30328	9.25792	8.9942	9.71332	10.0228
											
PYC2	5.78914	6.87698	5.88121	12.3912	10.6845	11.5767	10.2835	8.78089	9.67558	8.38187	9.67842
											
PDB1	9.61353	8.32746	9.33241	9.32172	10.7988	9.87645	9.12088	8.67819	8.54883	8.20447	8.17729
											
PCS60	8.24072	7.96083	8.6082	8.23762	8.15016	8.0708	10.3588	9.28485	8.99257	10.2534	11.842
											
TDP1	7.84391	8.03981	8.6207	11.5369	9.2773	11.361	8.311	8.93982	8.99105	8.45626	8.62218
											
YBR225W	7.89148	7.0898	8.3373	8.76159	8.92643	8.75303	8.77831	8.90961	9.2564	11.0888	12.2073
											
MCX1	9.61071	8.27865	9.3372	7.73677	8.97287	7.98481	9.39565	9.31914	9.51921	9.95504	9.88995
											
ROT2	9.80381	8.08206	9.1051	9.31034	11.1052	9.94895	9.33685	9.00109	8.67607	7.82349	7.80707
											
OM14	5.199	9.95956	11.5803	10.1061	1.85432	6.86793	9.08141	11.3021	9.56874	11.2623	13.2182
											
YBR230W-A	13.3215	13.3108	13.4859	7.4625	6.85672	6.76424	9.23094	10.9934	9.3182	4.65842	4.59727
											
SWC5	9.18076	8.84323	8.53206	9.57441	11.0504	10.1659	8.7417	8.97205	8.64363	8.06526	8.23065
											
PBP2	9.01327	10.6324	11.568	13.9585	9.69262	13.1189	8.76797	9.4585	8.68815	2.67173	2.43004
											
DAD3	19.0314	8.08435	8.09817	8.65403	7.98549	10.3343	9.97078	7.41013	8.88507	5.51022	6.03613
											
ARC40	8.19046	8.87472	9.6063	10.2226	7.41609	9.73158	8.81725	9.53029	8.77493	9.64176	9.194
											
YBR235W	8.94667	9.39104	9.90702	10.7117	9.37797	10.6224	8.25008	8.9258	8.98945	7.44574	7.43211
											
ABD1	8.67674	8.68358	8.70357	8.74924	8.93739	8.91391	9.62549	10.0085	9.77918	8.80323	9.11922
											
PRP5	7.43388	7.5848	8.43897	9.36162	9.92937	9.36587	9.38159	9.6892	9.21814	9.61573	9.98083
											
YBR238C	8.46748	7.45552	7.7036	11.3038	10.1497	11.3331	10.8042	10.3647	11.7477	5.27632	5.39404
											
ERT1	10.8278	7.61644	8.25416	8.63945	9.67237	7.31695	11.2226	8.60702	10.9549	8.11584	8.77245
											
YBR241C	7.23124	9.52536	8.31516	10.7117	11.5549	9.62609	6.86672	7.81842	6.74394	10.4178	11.1887
											
YBR242W	11.9327	12.2334	11.556	10.7377	10.3731	10.2805	8.87762	9.19068	7.94609	3.58505	3.28717
											
ALG7	9.70881	8.58608	9.29816	10.0115	10.0117	10.0316	8.81224	8.61942	9.29893	8.17165	7.44988
											
GPX2	7.69482	5.20834	7.26703	8.7059	8.67895	9.5359	9.61199	10.1233	11.6528	10.5986	10.9223
											
ISW1	9.45752	8.71956	9.32623	9.00771	9.8955	9.22846	9.32557	9.17486	8.96082	8.54836	8.35543
											
RRT2	7.79992	7.39868	8.43578	8.85992	11.4745	9.77918	8.70863	9.69963	8.78748	9.37551	9.68079
											
ENP1	10.1395	9.31367	9.94882	10.0084	10.2269	9.98904	8.97963	8.73146	8.96756	6.83008	6.86501
											
HIS7	6.33246	5.97343	6.58471	7.11721	7.24147	7.04261	11.2576	11.7935	11.7807	12.3559	12.5205
											
ARO4	5.35295	6.88922	6.50284	5.56782	4.79333	5.44617	12.3482	12.5432	13.1862	13.7248	13.6452
											
MRPS5	12.4023	12.6224	12.1817	4.03955	4.54892	3.91882	10.7363	12.3519	10.6055	8.78267	7.80996
											
DUT1	8.99513	9.99412	9.00933	10.952	10.5955	9.33119	10.2231	9.11214	7.90201	6.62877	7.25671
											
